0,441
0,440
0,439
0,438
0,437
0,436
0,435
0,434
0,433
0,432
0,431
0,430
0,429
0,428
0,427
0,426
0,425
0,424
0,423
0,422
0,421
0,420
0,419
0,418
0,417
0,416
0,415
42,4
42,3
42,2
0,414
42,1
42,0
0,413
0,412
0,411
0,410
0,409
41,3
41,2
0,408
41,1
41,0
0,407
0,406
0,405
0,404
0,403
40,4
40,3
40,2
0,402
40,1
40,0
0,401
0,400
0,399
39,3
39,2
0,398
0,397
0,396
39,1
39,0
0,395
0,394
0,393
0,392
0,391
38,3
38,2
0,390
38,1
38,0
0,389
0,388
37,4
37,3
37,2
37,1
37,0
0,387
36,19
36,18
36,17
36,10
36,16
36,15
36,11
36,14
36,13
0,386
36,12
36,4
36,9
36,8
36,7
36,6
36,5
0,385
0,384
36,3
36,2
36,1
36,0
35,11
35,10
35,9
35,8
35,7
35,6
35,5
35,4
35,3
35,2
35,1
35,0
34,7
34,6
0,319
0,318
34,5
34,4
34,3
34,2
34,1
34,0
33,4
33,3
33,2
33,1
33,0
32,3
32,2
32,1
32,0
31,4
31,3
31,2
31,1
31,0
30,4
30,3
30,2
30,1
30,0
29,4
29,3
29,2
29,1
29,0
28,4
28,3
28,2
